[0, 0, 3]
[0, 0, 16]
[0, 0, 25]
[0, 0, 31]
[0, 0, 34]
[0, 0, 40]
[1, 0, 3]
[1, 0, 9]
[1, 0, 15]
[1, 0, 24]
[1, 0, 30]
[1, 0, 33]
[1, 0, 39]
[1, 0, 43]
[1, 0, 44]
[4, 0, 40]
[4, 0, 41]
[4, 0, 47]
[4, 0, 49]
[4, 0, 50]
[4, 0, 53]
[4, 0, 61]
[4, 0, 62]
[4, 0, 3]
[4, 0, 4]
[4, 0, 5]
[4, 0, 7]
[4, 0, 8]
[4, 0, 12]
[4, 0, 13]
[4, 0, 17]
[4, 0, 18]
[4, 0, 19]
[4, 0, 21]
[4, 0, 24]
[4, 0, 26]
[4, 0, 30]
[4, 0, 32]
[4, 0, 34]
[2, 0, 6]
[2, 0, 26]
[2, 0, 27]
[2, 0, 33]
[2, 0, 36]
[2, 0, 42]
[2, 0, 46]
[2, 0, 47]
[2, 0, 55]
[2, 0, 61]
[1, 1, 24]
[1, 1, 43]
[1, 1, 44]
[1, 1, 52]
[1, 1, 59]
[1, 1, 61]
[1, 1, 0]
[1, 1, 1]
[1, 1, 8]
[1, 1, 9]
[1, 1, 17]
[4, 1, 47]
[4, 1, 48]
[4, 1, 60]
[4, 1, 4]
[4, 1, 11]
[4, 1, 12]
[4, 1, 13]
[4, 1, 15]
[4, 1, 19]
[4, 1, 21]
[4, 1, 24]
[4, 1, 25]
[4, 1, 28]
[4, 1, 32]
[4, 1, 37]
[4, 1, 40]
[4, 1, 41]
[2, 1, 61]
[2, 1, 18]
[2, 1, 26]
[2, 1, 33]
[2, 1, 46]
[2, 1, 55]
[3, 1, 12]
[3, 1, 32]
[3, 1, 41]
[3, 1, 48]
[3, 1, 61]
[3, 1, 5]
[3, 1, 6]
[2, 2, 23]
[2, 2, 27]
[2, 2, 33]
[2, 2, 36]
[2, 2, 37]
[2, 2, 45]
[2, 2, 46]
[2, 2, 47]
[2, 2, 48]
[2, 2, 52]
[2, 2, 54]
[2, 2, 55]
[2, 2, 61]
[2, 2, 0]
[2, 2, 1]
[2, 2, 4]
[2, 2, 5]
[2, 2, 10]
[2, 2, 12]
[2, 2, 16]
[2, 2, 19]
[3, 2, 43]
[3, 2, 45]
[3, 2, 49]
[3, 2, 50]
[3, 2, 51]
[3, 2, 52]
[3, 2, 54]
[3, 2, 55]
[3, 2, 56]
[3, 2, 57]
[3, 2, 60]
[3, 2, 0]
[3, 2, 2]
[3, 2, 6]
[3, 2, 9]
[3, 2, 11]
[3, 2, 13]
[3, 2, 15]
[3, 2, 16]
[3, 2, 18]
[3, 2, 28]
[3, 2, 30]
[3, 2, 31]
[3, 2, 34]
[1, 2, 58]
[1, 2, 3]
[1, 2, 4]
[1, 2, 6]
[1, 2, 12]
[1, 2, 14]
[1, 2, 15]
[1, 2, 24]
[1, 2, 29]
[1, 2, 30]
[1, 2, 40]
[1, 2, 42]
[1, 2, 49]
[1, 2, 51]
[4, 2, 27]
[4, 2, 28]
[4, 2, 29]
[4, 2, 31]
[4, 2, 35]
[4, 2, 40]
[4, 2, 42]
[4, 2, 47]
[4, 2, 49]
[4, 2, 50]
[4, 2, 51]
[4, 2, 52]
[4, 2, 56]
[4, 2, 59]
[4, 2, 60]
[4, 2, 62]
[4, 2, 63]
[4, 2, 1]
[4, 2, 2]
[4, 2, 10]
[4, 2, 20]
[4, 4, 54]
[4, 4, 2]
[4, 4, 9]
[4, 4, 11]
[4, 4, 18]
[4, 4, 21]
[4, 4, 26]
[4, 4, 27]
[4, 4, 31]
[4, 4, 32]
[4, 4, 37]
[4, 4, 38]
[4, 4, 39]
[4, 4, 40]
[4, 4, 46]
[2, 4, 7]
[2, 4, 8]
[2, 4, 14]
[2, 4, 15]
[2, 4, 20]
[2, 4, 26]
[2, 4, 29]
[2, 4, 35]
[2, 4, 36]
[2, 4, 38]
[2, 4, 43]
[2, 4, 44]
[2, 4, 48]
[2, 4, 49]
[2, 4, 54]
[2, 4, 0]
[0, 4, 46]
[0, 4, 50]
[0, 4, 51]
[0, 4, 58]
[0, 4, 62]
[0, 4, 5]
[0, 4, 7]
[0, 4, 17]
[0, 4, 23]
[0, 4, 26]
[0, 4, 27]
[0, 4, 31]
[0, 4, 33]
[0, 4, 34]
[0, 4, 42]
[0, 4, 43]
[1, 4, 2]
[1, 4, 21]
[1, 4, 23]
[1, 4, 30]
[1, 4, 31]
[1, 4, 33]
[1, 4, 38]
[1, 4, 39]
[1, 4, 43]
[1, 4, 49]
[1, 4, 52]
[1, 4, 58]
